80 262 210 262
80 112 210 112
80 262 80 112
210 262 210 112
140 142 160 142
140 142 140 112
160 142 160 112
100 122 100 152
100 122 110 122
110 122 110 152
100 152 110 152
180 122 180 152
180 122 190 122
190 122 190 152
180 152 190 152
90 172 90 182
90 172 120 172
120 172 120 182
90 182 120 182
100 182 110 182
100 182 100 202
110 182 110 202
100 202 110 202
130 172 130 182
130 172 160 172
160 172 160 182
130 182 160 182
140 182 150 182
140 182 140 202
150 182 150 202
140 202 150 202
170 172 170 182
170 172 200 172
200 172 200 182
170 182 200 182
180 182 190 182
180 182 180 202
190 182 190 202
180 202 190 202
90 222 90 232
90 222 120 222
120 222 120 232
90 232 120 232
100 232 110 232
100 232 100 252
110 232 110 252
100 252 110 252
130 222 130 232
130 222 160 222
160 222 160 232
130 232 160 232
140 232 150 232
140 232 140 252
150 232 150 252
140 252 150 252
170 222 170 232
170 222 200 222
200 222 200 232
170 232 200 232
180 232 190 232
180 232 180 252
190 232 190 252
180 252 190 252
20 112 20 117
20 112 60 112
60 112 60 117
20 117 60 117
40 117 40 132
20 132 40 142
60 132 40 142
20 132 60 132
