80 262 210 262 a
80 112 210 112 a
80 262 80 112 a
210 262 210 112 a
140 142 160 142 a
140 142 140 112 a
160 142 160 112 a
100 122 100 152 a
100 122 110 122 a
110 122 110 152 a
100 152 110 152 a
180 122 180 152 a
180 122 190 122 a
190 122 190 152 a
180 152 190 152 a
90 172 90 182 a
90 172 120 172 a
120 172 120 182 a
90 182 120 182 a
100 182 110 182 a
100 182 100 202 a
110 182 110 202 a
100 202 110 202 a
130 172 130 182 a
130 172 160 172 a
160 172 160 182 a
130 182 160 182 a
140 182 150 182 a
140 182 140 202 a
150 182 150 202 a
140 202 150 202 a
170 172 170 182 a
170 172 200 172 a
200 172 200 182 a
170 182 200 182 a
180 182 190 182 a
180 182 180 202 a
190 182 190 202 a
180 202 190 202 a
90 222 90 232 a
90 222 120 222 a
120 222 120 232 a
90 232 120 232 a
100 232 110 232 a
100 232 100 252 a
110 232 110 252 a
100 252 110 252 a
130 222 130 232 a
130 222 160 222 a
160 222 160 232 a
130 232 160 232 a
140 232 150 232 a
140 232 140 252 a
150 232 150 252 a
140 252 150 252 a
170 222 170 232 a
170 222 200 222 a
200 222 200 232 a
170 232 200 232 a
180 232 190 232 a
180 232 180 252 a
190 232 190 252 a
180 252 190 252 a
20 112 20 117 a
20 112 60 112 a
60 112 60 117 a
20 117 60 117 a
40 117 40 132 a
20 132 40 142 a
60 132 40 142 a
20 132 60 132 a