20 20 200 200
348 324 348 84
348 124 498 124
308 84 508 84
508 84 508 124
498 124 548 164
548 164 568 164
568 164 568 154
568 154 548 154
548 154 508 124
348 324 308 324
308 324 188 284
188 284 148 164
148 164 148 84
148 84 208 84
208 84 208 124
208 124 228 154
228 154 288 154
288 154 308 124
308 124 308 84
548 144 568 144
568 144 588 134
588 134 598 114
598 114 598 94
598 94 588 74
588 74 568 64
568 64 548 64
548 64 528 74
528 74 518 94
518 94 518 114
518 114 528 134
528 134 548 144
188 244 238 244
238 244 238 194
238 194 178 194
178 194 188 244
248 144 268 144
268 144 288 134
288 134 298 114
298 114 298 94
298 94 288 74
288 74 268 64
268 64 248 64
248 64 228 74
228 74 218 94
218 94 218 114
218 114 228 134
228 134 248 144
